Iteration 0: robots on floor with initial tile pattern
515555555555555555555555555555555
555555555555555555555555555555555
555555555555555555555555555555555
555555555555555555555515555555515
555555555555555555555555555555555
555555555555555555555555555555555
555555555555555555555555555555555
555555555555555555555555555555555
155555555555555555555555555555555
555555555555555551555555555555555
555555555555555555555555555555552
555555555555555555555555555555555
555555555555555555555555555555555
555555555555555555555555555555555
555555553555555555555555555555555
555555555555555555555555555555555
555555555555555555555555555555555
555555555555555555555555555555555
555555555555555555555555555555555
555555555555555555555555555555555
555555555555555555555555155555555
555555555555555555555555555555555
555555555555555555555555555555555
555555555555555555555555555555555
555555555555555555555555555555555
555555555555555555555555555555555
555555555555555555555555555555555
555555555555555555555555555555355
Iteration 1
515555555555555555555555555555155
555555555555555555555555555555555
555555555555555555555555555555555
555555555555555555555515555555515
555555555555555555555555555555555
555555555555555551555555555555555
555555555555555555555555555555555
555555555555555555555555555555555
155515555555555555555555555555555
555555555555555551555555555555555
555555553555555555555555555525552
555555555555555555555555555555555
555555555555555555555555555555555
555555555555555555555555555555555
555555553555555555555555555555555
555555555555555555555555555555555
555555555555555555555555555555555
555555555555555555555555555555555
555555555555555555555555555555555
555555555555555555555555555555555
555555555555555555555555155555555
555555555555555555555555555555555
555555555555555555555555555555555
555555555555555555555555555555555
555555555555555555555555155555555
555555555555555555555555555555555
555555555555555555555555555555555
535555555555555555555515555555315
Iteration 2
515555555555555555555555151555155
555555555555555551555555555555555
555555555555555555555555555555555
555555555555555555555515555555515
555555555555555555555555555555555
555555555555555551555555555555555
555555553555555555555555555555555
555555555555555555555555555555555
155515551555555555555555555555555
555555555555555551555555555555555
555555553555555555555555255525552
555555555555555555555555555555555
555555555555555555555555555555555
555555555555555555555555555555555
555555553555555555555555555555555
555555555555555555555555555555555
555555555555555555555555555555555
555555555555555555555555555555555
555555555555555555555555555555555
555555555555555555555555555555555
555555555555555555555555155555555
555555555555555555555555555555555
555555555555555555555555555555555
555555555555555555555515555555515
555555555555555555555555155555555
555555555555555555555555555555555
555555555555555555555555555555555
535553555555555555555515555555315
Iteration 3
515555555555555555555515151555155
555555555555555551555555555555555
555555553555555555555555555555555
555555555555555555555515555555515
555555555555555555555555155555555
555555555555555551555555555555555
555555553555555555555555555555555
555555555555555555555555555555555
155515551555155555555555555555555
555555555555555551555555555555555
555555553555555555552555255525552
555555555555555555555555555555555
555555555555555555555555555555555
555555555555555555555555555555555
555555553555555555555555555555555
555555555555555555555555555555555
555555555555555555555555555555555
555555555555555555555555555555555
555555555555555555555555555555555
555555555555555555555515555555515
555555555555555555555555155555555
555555555555555555555555555555555
555555555555555555555555555555555
555555555555555555555515555555515
555555555555555555555555155555555
555555555555555551555555555555555
555555555555555555555555555555555
535553555355555555555515555555315
Iteration 4
515555555555555555155515151555155
555555555555555551555555555555555
555555553555555555555555555555555
555555555555555555555515555555515
555555555555555555555555155555555
555555555555555551555555555555555
555555553555555555555555555555555
555555555555555555555555555555555
155515551555155515555555155555555
555555555555555551555555555555555
555555553555555525552555255525552
555555555555555555555555555555555
555555555555555555555555555555555
555555555555555555555555555555555
555555553555555555555555555555555
555555555555555555555515555555515
555555555555555555555555555555555
555555555555555555555555555555555
555555555555555555555555555555555
555555555555555555555515555555515
555555555555555555555555155555555
555555555555555551555555555555555
555555555555555555555555555555555
555555555555555555555515555555515
555555555555555555555555155555555
555555555555555551555555555555555
555555553555555555555555555555555
535553555355535555555515555555315
Iteration 5
515555555555551555155515151555155
555555555555555551555555555555555
555555553555555555555555555555555
555555555555555555555515555555515
555555555555555555555555155555555
555555555555555551555555555555555
555555553555555555555555555555555
555555555555555555555555555555555
155515551555155515551555155555555
555555555555555551555555555555555
555555553555255525552555255525552
555555555555555555555515555555515
555555555555555555555555155555555
555555555555555555555555555555555
555555553555555555555555555555555
555555555555555555555515555555515
555555555555555555555555555555555
555555555555555551555555555555555
555555555555555555555555555555555
555555555555555555555515555555515
555555555555555555555555155555555
555555555555555551555555555555555
555555553555555555555555555555555
555555555555555555555515555555515
555555555555555555555555155555555
555555555555555551555555555555555
555555553555555555555555555555555
535553555355535553555515555555315
Iteration 6
515555555515551555155515151555155
555555555555555551555555555555555
555555553555555555555555555555555
555555555555555555555515555555515
555555555555555555555555155555555
555555555555555551555555555555555
555555553555555555555555555555555
555555555555555555555515555555515
155515551555155515551555155555555
555555555555555551555555555555555
555555552555255525552555255525552
555555555555555555555515555555515
555555555555555555555555155555555
555555555555555551555555555555555
555555553555555555555555555555555
555555555555555555555515555555515
555555555555555555555555155555555
555555555555555551555555555555555
555555553555555555555555555555555
555555555555555555555515555555515
555555555555555555555555155555555
555555555555555551555555555555555
555555553555555555555555555555555
555555555555555555555515555555515
555555555555555555555555155555555
555555555555555551555555555555555
555555553555555555555555555555555
535553555355535553555315555555315
Iteration 7
515555155515551555155515151555155
555555555555555551555555555555555
555555553555555555555555555555555
555555555555555555555515555555515
555555555555555555555555155555555
555555555555555551555555555555555
555555553555555555555555555555555
555555555555555555555515555555515
155515551555155515551555155555555
555555555555555551555555555555555
555555552555255525552555255525552
555555555555555555555515555555515
555555555555555555555555155555555
555555555555555551555555555555555
555555553555555555555555555555555
555555555555555555555515555555515
555555555555555555555555155555555
555555555555555551555555555555555
555555553555555555555555555555555
555555555555555555555515555555515
555555555555555555555555155555555
555555555555555551555555555555555
555555553555555555555555555555555
555555555555555555555515555555515
555555555555555555555555155555555
555555555555555551555555555555555
555555553555555555555555555555555
535553555355535553555315535555315
Iteration 8
511555155515551555155515151555155
555555555555555551555555555555555
555555553555555555555555555555555
551555555555555555555515551555515
555555555555555555555555155555555
555555555555555551555555555555555
555555553555555555555555555555555
555555555555555555555515555555515
155515551555155515551555155555555
555555555555555551555155555555555
555555552555255525552555255525552
555555555555555555555515555555515
555555555555555555551555155555555
555555555555555551555555555555555
555555553555255555555555555555555
555555555555555555555515555555515
555555555555555555555555155555555
555555555555555551555555555555555
555555553555555555555555555555555
555555555555555555555515555555515
555555555555555555551555155555555
555555555555555551555555555555555
555555553555555555555555555555555
555555555555555555555515555555515
555555555555555555555555155555555
555555555555555551555555555555555
555555553555555555555555555555555
535553555355535553555315535553315
Iteration 9
511555155515551555155515151555115
555555555555555551555555555555555
555555553555555555555555555555555
551555155555555555555515551555115
555555555555555555555555155555555
555555555555555551555555555555555
555555553555555555555555555555555
555555555555555555555515555555515
155515551555155515551555155555555
555555555555555551555155515555555
555555552555255525552555255525552
555555555555555555555515555555515
555555555555555515551555155555555
555555555555555551555555555555555
555555553555255525555555555555555
555555555555555555555515555555515
555555555555555555555555155555555
555555555555555551555555555555555
555555553555355555555555555555555
555555555555555555555515555555515
555555555555555515551555155555555
555555555555555551555555555555555
555555553555555555555555555555555
555555555555555555555515555555515
555555555555555555555555155555555
555555555555555551555555555555555
555555553555555555555555555555555
335553555355535553555315535553315
Iteration 10
511555155515551555155515151155115
555555555555555551555555555555555
555555553555555555555555555555555
511555155515555555555515551555115
555555555555555555555555155555555
555555555555555551555555555555555
555555553555555555555555555555555
555555555555555555555515555555515
155515551555155515551555155555555
555555555555555551555155515551555
555555552555255525552555255525552
555555555555555555555515555555515
555555555555155515551555155555555
555555555555555551555555555555555
555555553555255525552555555555555
555555555555555555555515555555515
555555555555555555555555155555555
555555555555555551555555555555555
555555553555355535555555555555555
555555555555555555555515555555515
555555555555155515551555155555555
555555555555555551555555555555555
555555553555555555555555555555555
555555555555555555555515555555515
555555555555555555555555155555555
555555555555555551555555555555555
555555553555555555555555555555555
335533555355535553555315535553315
Iteration 11
511555155515551555155511151155115
555555555555555551555555555555555
555555553555555555555555555555555
511551155515551555555515551555115
555555555555555555555555155555555
555555555555555551555555555555555
555555553555555555555555555555555
555555555555555555555515555555515
155515551555155515551555155555555
155555555555555551555155515551555
555555552555255525552555255525552
555555555555555555555515555555515
555555551555155515551555155555555
555555555555555551555555555555555
555555553555255525552555255555555
555555555555555555555515555555515
555555555555555555555555155555555
555555555555555551555555555555555
555555553555355535553555555555555
555555555555555555555515555555515
555555551555155515551555155555555
555555555555555551555555555555555
555555553555555555555555555555555
555555555555555555555515555555515
555555555555555555555555155555555
555555555555555551555555555555555
555555553555555555555555555555555
335533553355535553555315535553315
Iteration 12
511555155515551555115511151155115
555555555555555551555555555555555
555555553555555555555555555555555
511551155115551555155515551555115
555555555555555555555555155555555
555555555555555551555555555555555
555555553555555555555555555555555
555555555555555555555515555555515
155515551555155515551555155555555
155515555555555551555155515551555
555555552555255525552555255525552
555555555555555555555515555555515
555515551555155515551555155555555
555555555555555551555555555555555
555555553555255525552555255525555
555555555555555555555515555555515
555555555555555555555555155555555
555555555555555551555555555555555
555555553555355535553555355555555
555555555555555555555515555555515
555515551555155515551555155555555
555555555555555551555555555555555
555555553555555555555555555555555
555555555555555555555515555555515
555555555555555555555555155555555
555555555555555551555555555555555
555555553555555555555555555555555
335533553355335553555315535553315
Iteration 13
511555155515551155115511151155115
555555555555555551555555555555555
555555553555555555555555555555555
511551155115511555155515551555115
555555555555555555555555155555555
555555555555555551555555555555555
555555553555555555555555555555555
555555555555555555555515555555515
155515551555155515551555155555555
155515551555555551555155515551555
555555552555255525552555255525552
555555555555555555555515555555515
155515551555155515551555155555555
555555555555555551555555555555555
555555553555255525552555255525552
555555555555555555555515555555515
555555555555555555555555155555555
555555555555555551555555555555555
555555553555355535553555355535555
555555555555555555555515555555515
155515551555155515551555155555555
555555555555555551555555555555555
555555553555555555555555555555555
555555555555555555555515555555515
555555555555555555555555155555555
555555555555555551555555555555555
555555553555555555555555555555555
335533553355335533555315535553315
Iteration 14
511555155511551155115511151155115
555555555555555551555555555555555
555555553555555555555555555555555
511551155115511551155515551555115
555555555555555555555555155555555
555555555555555551555555555555555
555555553555555555555555555555555
555555555555555555555515555555515
155515551555155515551555155555555
155515551555155551555155515551555
555555552555255525552555255525552
555555555555555555555515555555515
155515551555155515551555155551555
555555555555555551555555555555555
555255553555255525552555255525552
555555555555555555555515555555515
555555555555555555555555155555555
555555555555555551555555555555555
555555553555355535553555355535553
555555555555555555555515555555515
155515551555155515551555155551555
555555555555555551555555555555555
555555553555555555555555555555555
555555555555555555555515555555515
555555555555555555555555155555555
555555555555555551555555555555555
555555553555555555555555555555555
335533553355335533553315535553315
Iteration 15
511555115511551155115511151155115
555555555555555551555555555555555
555555553555555555555555555555555
511551155115511551155115551555115
555555555555555555555555155555555
555555555555555551555555555555555
555555553555555555555555555555555
555555555555555555155515555555515
155515551555155515551555155555555
155515551555155511555155515551555
555555552555255525552555255525552
555555555555555555555515555555515
155515551555155515551555115551555
555555555555555551555555555555555
555255523555255525552555255525552
555555555555555555555515555555515
555555555555555555555555155555555
555555555555555551555555555555555
555355553555355535553555355535553
555555555555555555555515555555515
155515551555155515551555115551555
555555555555555551555555555555555
555555553555555555555555555555555
555555555555555555555515555555515
555555555555555555555555155555555
555555555555555551555555555555555
555555553555555555555555555555555
335533553355335533553315335553315
